2
wday mday month yday year
6 24 11 358 116
[daily]
"2016-12-24" 0 0 0
"---" 0 0 0
"---" 0 0 0
"---" 0 0 0
"---" 0 0 0
"---" 0 0 0
"---" 0 0 0
"---" 0 0 0
"---" 0 0 0
"---" 0 0 0
"---" 0 0 0
"---" 0 0 0
"---" 0 0 0
"---" 0 0 0
"---" 0 0 0
"---" 0 0 0
"---" 0 0 0
"---" 0 0 0
"---" 0 0 0
"---" 0 0 0
"---" 0 0 0
"---" 0 0 0
"---" 0 0 0
"---" 0 0 0
"---" 0 0 0
"---" 0 0 0
"---" 0 0 0
"---" 0 0 0
"---" 0 0 0
"---" 0 0 0
"---" 0 0 0
[weekly]
"2016-12-24" 0 0 0
"---" 0 0 0
"---" 0 0 0
"---" 0 0 0
"---" 0 0 0
"---" 0 0 0
"---" 0 0 0
"---" 0 0 0
"---" 0 0 0
"---" 0 0 0
"---" 0 0 0
"---" 0 0 0
"---" 0 0 0
"---" 0 0 0
"---" 0 0 0
"---" 0 0 0
"---" 0 0 0
"---" 0 0 0
"---" 0 0 0
"---" 0 0 0
"---" 0 0 0
"---" 0 0 0
"---" 0 0 0
"---" 0 0 0
"---" 0 0 0
"---" 0 0 0
[monthly]
"December" 0 0 0
"---" 0 0 0
"---" 0 0 0
"---" 0 0 0
"---" 0 0 0
"---" 0 0 0
"---" 0 0 0
"---" 0 0 0
"---" 0 0 0
"---" 0 0 0
"---" 0 0 0
"---" 0 0 0
